000282441
000282440
000282439
000282437
000282415
000282411
000282402
000282398
000282392
000282391
000282367
000282366
000282365
000282343
000282342
000282341
000282340
000282314
000282313
000282312
000282309
000282307
000282306
000282305
000282304
000282302
000282247
000282230
000282229
000282227
000282224
000282206
000282147
000282146
000282127
000282126
000282123
000282122
000282120
000282119
000282118
000282099
000282098
000282078
000282051
000282050
000282031
000282025
000282021
000282016
000282008

